0 0.070767 0.356261 0.085979 0.126984
0 0.382937 0.288360 0.085979 0.118166
0 0.934524 0.376543 0.101852 0.135802
0 0.557540 0.466490 0.104497 0.146384
0 0.589286 0.180776 0.078042 0.107584
0 0.487434 0.227513 0.070106 0.109347
0 0.220238 0.238977 0.083333 0.114638
0 0.125000 0.197531 0.075397 0.105820
0 0.045635 0.105820 0.062169 0.088183
0 0.208995 0.103175 0.068783 0.107584
0 0.745370 0.310406 0.080688 0.119929
0 0.820767 0.233686 0.078042 0.100529
0 0.808201 0.126102 0.063492 0.082892
0 0.750000 0.114638 0.055556 0.095238
0 0.406085 0.077601 0.055556 0.077601