0 0.110259 0.400822 0.057783 0.099178
0 0.492925 0.381471 0.061321 0.094340
0 0.859080 0.571359 0.074292 0.149976
0 0.949292 0.256894 0.042453 0.082245
0 0.862028 0.313740 0.044811 0.079826
0 0.777123 0.166183 0.037736 0.060474
0 0.580189 0.261732 0.037736 0.072569
0 0.353525 0.304535 0.039722 0.076388
0 0.356318 0.233876 0.035377 0.059838
0 0.431107 0.147302 0.028550 0.044560
0 0.315817 0.169630 0.025796 0.054427
0 0.189957 0.230205 0.032429 0.064506
0 0.160869 0.157757 0.027319 0.052653
0 0.314269 0.457426 0.268868 0.425738
0 0.017983 0.313498 0.035966 0.079826
0 0.157233 0.394614 0.042453 0.082245
0 0.827634 0.286647 0.344732 0.214750
0 0.728774 0.105494 0.024895 0.055099
0 0.852267 0.141778 0.033412 0.055099